--- /dev/fd/63	2026-02-11 19:35:16.308813429 -0500
+++ /dev/fd/62	2026-02-11 19:35:16.309813417 -0500
@@ -199129,6 +199129,7 @@
 54,1485,255
 54,1485,275
 54,1485,375
+55,899,294
 55,1136,189
 55,1275,189
 55,1315,189
@@ -210849,6 +210850,7 @@
 72,2628,495
 72,2628,525
 72,2628,675
+73,1954,438
 75,1592,405
 75,1784,405
 75,1853,405
@@ -216479,6 +216481,7 @@
 81,3302,625
 81,3309,625
 81,3315,425
+82,2755,528
 84,1715,585
 84,1889,585
 84,1893,585
@@ -223227,6 +223230,7 @@
 90,4079,675
 91,3308,325
 91,3504,325
+91,3556,618
 91,3703,325
 91,3880,325
 92,3562,405
@@ -235900,6 +235904,7 @@
 100,4608,729
 100,4609,513
 100,4609,729
+100,4609,798
 100,4610,513
 100,4610,729
 100,4611,729
